110
120
263
275
280
284
288
298
321
345
353
390
400
454
477
487
499
500
501
523
546
547
575
713
727
737
738
742
761
774
809
842
914
916
933
940
1011
1066
1091
1092
1093
1171
1203
1207
1209
1229
1258
1356
1376
1407
1409
1425
1429
1483
1498
1509
1533
1538
1553
1620
1675
2101
2106
2107
2126
2127
2140
2168
2170
2193
2221
2224
2228
2233
2240
2293
2322
2414
2421
2427
2429
2439
2497
2559
2575
2582
2584
2596
2598
2617
2622
2625
2628
2635
2638
2639
2652
2688
2731
2735
2746
2766
2777
2857
2926
2975
2979
3039
3227
3356
3370
3432
3441
3455
3577
3578
3596
3709
3722
3921
3923
3930
3986
3991
4114
4184
4256
4276
4277
4359
4409
4461
4521
4549
4561
4570
4638
4689
4690
4777
4792
4795
4808
4811
4826
4836
4839
4931
4938
5073
5199
5200
5204
5205
5221
5314
5426
5437
5441
5442
5466
5499
5534
5549
5559
5596
5617
5654
5688
5691
5786
5928
5933
5946
5986
6002
6017
6035
6194
6195
6268
6322
6344
6350
6352
6353
6357
6362
6369
6370
6371
6376
6378
6380
6389
6409
6412
6475
6488
6491
6504
6547
6564
6574
6575
6626
6665
6674
6697
6700
6702
6704
6794
6826
6843
6853
6871
6872
6877
6883
6884
6888
6907
6910
6927
6935
7033
7036
7041
7051
7085
7116
7121
7226
7264
7266
7270
7277
7332
7357
7369
7436
7441
7516
7531
7571
7608
7680
7731
7736
7745
7779
7803
7813
7843
7849
7862
7863
7865
7868
7869
7870
7873
7876
7882
7883
7886
7887
7888
7890
7894
7897
7898
7900
7903
7909
7913
7914
7915
7916
7917
7919
7921
7923
7924
7929
7930
7931
7936
7941
7945
7949
7950
7954
7962
7968
7969
7972
7995
8010
8013
8017
8019
8053
8055
8059
8064
8082
8088
8090
8091
8093
8102
8104
8184
8216
8218
8224
8226
8239
8242
8273
8281
8284
8375
8448
8459
8472
8724
8737
8780
8803
8843
8846
8862
8996
9008
9062
9088
9116
9137
9148
9230
9256
9318
9375
9391
9460
9479
9485
9516
9522
9703
9735
9745
9774
9919
9921
9950
10027
10037
10081
10109
10154
10186
10297
10373
10377
10468
10554
10563
10577
10767
10829
10912
10927
11073
11410
11414
11625
11722
11729
11861
11919
11927
11945
11951
12011
12035
12042
12297
12341
12355
12389
12425
12453
12454
12457
12497
12506
12583
12588
12613
12617
12685
12708
12782
12794
12804
12815
12836
12929
12949
12964
12977
13195
13200
13237
13285
13286
13302
13313
13314
13319
13482
13506
13550
13551
13553
13555
13557
13563
13567
13583
13602
13628
13634
13639
13652
13679
13703
13705
13746
13748
13794
13856
13939
13959
14033
14080
14092
14127
14177
14199
14248
14303
14305
14461
14485
14494
14529
14570
14631
14747
14803
14883
15047
15125
15166
15232
15250
15298
15330
15356
15362
15412
15454
15476
15492
15518
15574
15578
15619
15652
15654
15679
15762
15777
15785
15802
15852
15899
16315
16330
16392
16414
16417
16439
16568
16571
16696
16718
16910
16935
16967
17105
17160
17225
17227
17235
17239
17241
17252
17256
17287
17297
17299
17311
17312
17315
17321
17357
17383
17390
17474
17502
17506
17512
17514
17540
17638
17664
17688
17766
17785
18279
18371
18372
18382
18398
18503
18691
18698
18805
18843
18846
18992
19210
19334
19336
19363
19451
19532
19640
20049
20071
20072
20081
20122
20221
20279
20305
20391
20400
20616
20671
20720
20861
20873
21034
21064
21069
21083
21110
21150
21172
21210
21248
21603
21899
22012
22093
22142
22203
22858
23010
23014
23363
23386
23447
23579
23852
23913
23921
24183
24984
25128
25160
25191
25275
25281
25537
26181
26395
26482
26647
26758
26763
26825
26935
26962
27166
27404
27511
27564
27594
27651
27846
27987
28150
28445
28449
28450
28500
28632
28640
28703
28792
28832
28865
29185
29206
29234
29328
29331
29360
29480
29491
29835
29839
30008
30019
30238
30567
30575
30787
30852
30975
31023
31082
31166
31167
31168
31171
31187
31188
31255
31383
31408
31415
31418
31554
31756
32137
32519
32570
32825
32944
32990
33018
33091
33153
33154
33331
33358
33432
33935
33986
33987
34084
34112
34130
34188
34686
34725
34799
34917
35036
35102
35237
35287
35363
35413
35532
35823
36053
36105
36112
36211
36264
36279
36319
36409
36450
36459
36586
36594
36980
36986
37108
37240
37822
38007
38012
38157
38170
38189
38232
38343
38345
38615
38778
38890
38965
39069
39139
39181
39198
39250
39316
39428
39486
39631
39658
41240
41469
41758
41856
41939
41940
42154
42161
42236
42240
42248
42250
42393
42403
42537
42582
42584
42587
42702
42728
42780
42797
42961
43065
43070
43280
43440
43443
43602
43617
43672
43723
43752
43758
43770
43807
43846
43850
43988
43998
44052
44056
44146
44157
44202
44217
44294
44295
44359
44371
44425
44492
44512
44513
44578
44652
44727
44798
44888
45050
45084
45233
45243
45368
45428
45484
45516
45960
46019
46072
46109
46113
46312
46345
46366
46379
46397
46429
46485
46618
46736
46747
46750
46818
46916
46952
46954
47012
47227
47232
47234
47235
47280
47322
47341
47343
47349
47357
47358
47362
47384
47472
47495
47536
47627
47779
47876
47888
47940
48065
48100
48416
48422
48516
49035
49139
49170
49304
49356
49357
49408
49474
49499
49513
49537
49561
49566
49652
49663
49759
49806
49888
49935
49974
50134
50157
50170
50358
50379
50389
50481
50537
50552
50554
50556
50564
50626
50627
50639
50642
50644
50645
50656
50658
50662
50703
50752
50776
50779
50780
50782
50786
50829
50884
50885
50941
51060
51061
51140
51166
51265
51817
52035
52042
52176
52181
52532
52635
52646
52707
52708
52822
52982
53004
53088
53098
53531
53730
53843
53858
54034
54094
54321
54327
54610
54631
54641
54719
54733
54779
55009
55017
55018
55028
55029
55030
55033
55064
55140
55431
55506
55525
55530
55546
55644
55670
55716
55827
55842
55911
56002
56119
56177
56182
56385
56511
56626
56628
56662
56726
56742
56760
56779
56793
56800
56936
57125
57163
57263
57356
57459
57505
57603
57692
57736
57764
57914
57918
58612
58630
58679
58831
58897
58914
59015
59369
59372
59375
59469
59505
59508
59659
59660
59661
59662
59663
59664
59665
59666
60016
60058
60201
60260
60402
60420
60429
60573
61312
61367
61371
62294
62301
62385
62400
62427
62531
62544
62778
62827
62861
63075
63131
63158
63324
63537
63729
63865
63888
64164
64184
64529
64561
64626
64645
64666
64731
64754
64941
64946
64963
65013
65084
65167
65284
65324
65330
65729
65808
65825
65921
65966
66121
66151
66223
66235
66257
66262
66385
66386
66391
66422
66423
66724
66845
66962
66994
67125
67132
67161
67220
67317
67377
67386
67389
67557
67562
67660
67929
71006
71337
71614
72331
72526
72775
72785
72793
72976
73234
73235
73236
73237
73238
73239
73240
73241
73242
73244
73245
73246
73247
73248
73249
73250
73251
73252
73253
73255
73256
73257
73258
73259
73260
73276
73429
73480
73491
73566
73567
73808
74004
74025
74147
74514
74515
74518
74595
74933
75357
75556
75702
75727
75936
76303
76307
76713
76733
76738
76784
77058
77060
77065
77067
77076
77081
77221
77231
77319
77330
77679
77802
77817
77904
78003
78012
78052
78158
78219
78253
78260
78412
78436
78443
78516
78685
78765
78781
79046
79185
79348
79393
79552
80118
80298
80512
80597
80694
80883
80936
80990
81083
81191
81212
81396
81441
81701
81736
81757
82725
83178
83239
83251
83373
83374
83381
83565
83576
83578
83585
83604
83667
83710
83801
83803
83837
83855
83856
83962
83971
84078
84085
84105
84287
84371
84372
84374
84395
84453
84581
84601
84709
84740
84797
85011
85201
85291
85421
85488
85532
85541
85559
85565
85577
85615
85624
85720
86022
86067
86069
86468
86504
87027
87040
87168
87505
87531
87561
87577
87586
87588
87752
87804
87806
87835
87854
88088
88105
88395
88508
88719
88881
88904
89081
89097
89178
89505
89624
90083
90131
90165
90172
90274
90308
90321
90367
90415
90457
90601
90643
90671
90688
90690
90691
90753
90778
90805
90862
90912
90980
91332
91343
91350
91366
91421
91599
91604
91816
92111
92113
92251
92271
92344
92353
92453
92472
92481
92607
92633
92644
92716
92740
92915
93004
93020
93154
93157
93294
93394
93546
93550
93616
93680
93691
93807
93901
93921
94087
94230
94336
94502
94517
94568
94584
94610
94637
94642
94899
94909
94925
95089
95146
95231
95243
95441
95552
95555
95564
95589
95599
95640
95804
95841
95981
96007
96218
96229
96294
96337
96381
96467
96470
96474
96636
96662
96724
96847
96855
96890
96908
97150
97152
97153
97161
97191
97268
97292
97295
97312
97317
97319
97332
97333
97334
97377
97395
97430
97431
97432
97445
97452
97501
97510
97535
97609
97646
97657
97672
97683
97938
97948
98012
98151
98247
98259
98281
98432
98469
98499
98512
98559
98819
99054
99157
99245
99262
99268
99273
99279
99321
99368
99374
99424
99435
99516
99600
99647
99686
99687
99708
99857
99863
99969
100186
100200
100500
100509
100565
100667
100755
100820
100829
100849
100916
100926
100931
100938
100956
101063
101104
101145
101324
101330
101331
101450
101909
101962
101977
101983
102194
102234
102236
102327
102376
102755
103178
103182
103351
103432
103546
103651
103772
103787
103989
103990
103991
103992
103993
103994
103995
103996
103997
103998
103999
104000
104001
104002
104003
104004
104005
104006
104007
104008
104009
104010
104011
104012
104013
104014
104015
104016
104017
104018
104019
104020
104021
104022
104023
104024
104025
104026
104027
104028
104032
104033
104087
104359
104465
104488
104543
104559
104620
104896
104917
104931
105149
105190
105363
105419
105434
105463
105657
105659
105688
105753
105787
105887
105953
105977
105980
105991
106024
106084
106179
106293
106305
106315
106348
106350
106360
106384
106427
106548
106636
106678
106779
106797
106802
106806
106865
106897
106982
107036
107213
107296
107336
107358
107664
107718
107780
107849
107877
107960
108056
108082
108113
108288
108645
108681
108682
108683
108692
108723
108928
109054
109116
109161
109175
109212
109352
109373
109395
109420
109461
109483
109485
109699
109810
109815
109832
109839
109843
109959
110293
110352
110417
110467
110578
110655
110720
110722
110801
111003
111078
111094
111131
111192
111216
111218
111262
111365
111386
111417
111475
111500
111514
111643
111676
111752
111763
111860
111868
111915
111950
111968
111999
112001
112025
112057
112116
112156
112166
112224
112304
112306
112372
112386
112496
112555
112632
112687
112723
112784
112855
112858
112860
112863
112869
112871
112935
112955
113070
113112
113120
113122
113211
113268
113288
113332
113336
113339
113370
113424
113798
113799
113831
113857
113865
113869
113928
114024
114078
114079
114086
114125
114127
114134
114151
114169
114172
114198
114339
114389
114414
114430
114476
114529
114631
114698
114796
114797
114799
114807
114852
114870
114879
115007
115036
115158
115205
115209
115214
115219
115230
115232
115245
115246
115248
115250
115271
115275
115284
115291
115294
115296
115304
115315
115323
115337
115390
115402
115422
115438
115452
115560
115628
115686
115702
115748
115817
115844
115845
115857
115860
115922
115978
116006
116029
116032
116057
116135
116179
116189
116243
116254
116286
116315
116352
116360
116372
116382
116419
116432
116504
116508
116512
116570
116575
116609
116618
116621
116692
116764
116773
116774
116798
116805
116927
116937
116951
116973
117068
117073
117080
117097
117142
117149
117158
117159
117168
117187
117190
117195
117325
117330
117385
117449
117458
117480
117573
117593
117651
117739
117818
117862
117902
118024
118033
118066
118103
118418
118514
118582
118631
118663
118684
118688
118718
118731
118737
118855
118925
118948
118950
118965
119022
119033
119090
119129
119148
119166
119220
119221
119236
119250
119262
119317
119354
119427
119432
119453
119454
119471
119494
119605
119652
119653
119655
119657
119666
119794
119808
119828
119873
119989
120026
120115
120121
120123
120126
120143
120216
120219
120288
120289
120291
120293
120298
120305
120312
120314
120318
120324
120622
120656
120683
120903
120941
121100
121275
121382
121417
121461
121469
121489
121696
121827
121863
121919
121940
121941
122050
122113
122254
122256
122475
122697
122791
122849
122932
123005
123027
123074
123078
123089
123091
123092
123093
123095
123119
123120
123125
123126
123127
123170
123172
123183
123194
123278
123339
123380
123384
123420
123435
123496
123501
123513
123518
123572
123615
123625
123649
123712
123713
123731
123742
123743
123748
123782
123849
123897
123900
123902
123905
123915
124097
124100
124151
124173
124223
124277
124429
124564
124578
124611
124620
124724
124737
124845
124889
124929
124975
124976
125000
125003
125027
125059
125068
125112
125118
125130
125179
125181
125197
125200
125218
125242
125246
125250
125397
125400
125488
125498
125503
125505
125587
125594
125624
125634
125707
125762
125791
125849
125932
125980
125984
126010
126049
126070
126099
126109
126197
126203
126209
126235
126260
126364
126374
126376
126377
126416
126522
126536
126539
126569
126598
126652
126784
126797
126826
126835
126861
126906
127025
127026
127028
127032
127077
127085
127087
127154
127158
127161
127163
127175
127202
127203
127212
127235
127242
127259
127620
127645
127703
127741
127766
127827
127844
127914
127918
127948
127995
128035
128041
128051
128085
128088
128114
128121
128169
128493
128645
128675
128685
128723
128750
128764
128777
128853
128856
128895
128910
129001
129002
129027
129091
129138
129209
129342
129381
129436
129551
129582
129641
129650
129698
129712
129736
129771
129773
129830
129862
129869
129873
129918
129992
130133
130136
130338
130440
130453
130460
130521
130591
130661
130739
130889
130914
130951
130990
131028
131038
131047
131052
131053
131065
131082
131108
131123
131192
131202
131210
131450
131452
131468
131523
131552
131560
131722
131728
132049
132057
132104
132251
132658
132777
132835
133322
133360
133375
133680
133717
133744
133753
133847
133963
134004
134032
134061
134124
134145
134206
134216
134292
134299
134300
134305
134321
134388
134406
134434
134521
134546
134738
134757
134760
134878
134880
134894
135027
135072
135152
135154
135217
135252
135283
135288
135291
135293
135294
135620
135756
135782
135797
135891
135937
135944
135945
135946
135989
136169
136221
136333
136396
136454
136481
136531
136582
136600
136720
136850
136885
136891
136986
137008
137023
137093
137119
137126
137127
137152
137181
137404
137480
137487
137502
137503
137631
137756
137845
137905
137906
137938
137956
137964
138025
138179
138181
138244
138262
138270
138315
138332
138516
138517
138518
138622
138659
138786
138824
138863
138869
138881
139004
139178
139192
139245
139319
139321
139398
139402
139502
139626
139875
139879
139940
139965
139970
139981
140275
140333
140377
140392
140432
140447
140548
140616
140705
140720
140742
140760
140791
140793
140851
140865
140899
141065
141090
141114
141115
141120
141125
141174
141197
141198
141202
141212
141239
141240
141244
141304
141329
141339
141344
141355
141463
141541
141629
141676
141682
141700
141728
141734
141839
142078
142084
142096
142101
142135
142221
142472
142479
142540
142549
142569
142609
142709
142773
142893
142940
142946
143022
143064
143076
143139
143220
143234
143240
143265
143280
143291
143294
143321
143323
143438
143482
143541
143575
143669
143672
143717
143903
143935
143966
143975
144000
144084
144104
144129
144147
144359
144385
144482
144484
144485
144525
144526
144616
144674
144782
144803
144877
145086
145091
145128
145150
145206
145207
145224
145246
145260
145265
145266
145267
145269
145271
145272
145278
145289
145300
145306
145343
145344
145355
145374
145375
145392
145396
145402
145409
145430
145452
145458
145462
145463
145467
145488
145495
145517
145524
145552
145583
145603
145604
145612
145621
145629
145686
145722
145727
145730
145734
145745
145849
145850
145853
145854
145893
145896
145950
146067
146093
146106
146129
146133
146179
146180
146182
146183
146184
146185
146200
146202
146233
146235
146255
146278
146314
146318
146327
146336
146360
146368
146416
146424
146436
146707
146735
146838
146845
146847
146875
146910
146911
146936
146939
146940
146944
146948
147125
147161
147182
147188
147196
147203
147204
147220
147237
147260
147310
147369
147388
147544
147570
147577
147656
147744
147776
147919
148050
148068
148151
148156
148163
148300
148417
148467
148517
148537
148538
148609
148741
148751
148763
148768
148770
148777
148848
148853
148865
148890
148897
148903
148911
148914
148952
148963
149011
149027
149028
149154
149212
149268
149273
149279
149287
149327
149369
149435
149442
149483
149571
149572
149589
149598
149673
149679
149710
149798
149855
149907
149914
150018
150078
150079
150083
150156
150179
150374
150375
150520
150540
150560
150565
150568
150586
150626
150631
150668
150746
150783
150822
150837
150905
150917
150944
150976
151034
151039
151040
151043
151058
151117
151147
151149
151165
151231
151258
151276
151295
151302
151305
151310
151459
151465
151470
151475
151516
151583
151634
151678
151680
151691
151772
151779
151786
151827
151831
151847
151868
152013
152052
152067
152069
152080
152231
152232
152266
152267
152278
152280
152281
152368
152398
152399
152400
152407
152416
152477
152499
152569
152577
152584
152586
152591
152669
152692
152696
152717
152772
152782
152784
152834
152925
152929
152944
152958
152992
153026
153093
153095
153175
153178
153251
153580
153618
153628
153634
153652
153666
153776
153794
153799
153863
153905
154096
154275
154278
154306
154319
154369
154397
154400
154405
154410
154425
154529
154762
154827
154855
154921
154963
155130
155189
155222
155223
155228
155576
155578
155618
155657
155685
155690
155704
155726
155774
156098
156166
156182
156196
156347
156373
156387
156425
156510
156511
156520
156536
156537
156542
156615
156941
156948
156992
157270
157412
157434
157450
157465
157507
157563
157699
157750
157813
157876
157889
157956
157958
157986
157993
157996
158002
158016
158019
158021
158118
158148
158157
158186
158270
158287
158330
158393
158434
158461
158482
158484
158505
158541
158554
158749
158757
158872
158979
159156
159202
159213
159387
159391
159393
159395
159399
159460
159481
159497
159498
159507
159512
159522
159526
159536
159686
159687
159690
159693
159696
159820
159878
159890
159925
159943
159946
159948
159953
159954
159955
159958
159959
159960
159961
159984
159985
159988
159992
160047
160109
160120
160294
160295
160488
160498
160500
160520
160981
161189
161193
161198
161200
161216
161217
161290
161299
161301
161323
161408
161428
161459
161485
161529
161621
161659
161710
161918
161924
161932
161935
161947
161991
162120
162147
162199
162296
162336
162809
162822
162955
163067
163087
163106
163124
163131
163156
163227
163272
163307
163338
163342
163381
163421
163459
163464
163467
163475
163476
163491
163501
163526
163547
163599
163646
163676
163677
163730
163753
163790
163812
163815
163820
163823
163834
163885
163888
163904
163938
163949
164027
164039
164137
164152
164153
164168
164224
164239
164419
164483
164515
164520
164546
164578
164581
164648
164649
164656
164662
164674
164684
164687
164704
164739
164833
164895
164916
164922
164933
164945
165046
165048
165102
165131
165136
165154
165219
165229
165309
165324
165353
165542
165561
165570
165686
165727
165854
165862
165969
166080
166231
166265
166581
166629
166634
166661
166682
166699
166709
166849
166861
166887
166942
167036
167041
167075
167107
167121
167206
167380
167460
167481
167489
167510
167512
167688
167809
167828
167846
167859
167888
167895
167896
167901
167902
167903
167904
167905
167906
167907
167908
167909
167910
167911
167921
167931
167947
167953
167955
167957
167977
168027
168028
168029
168054
168078
168108
168116
168165
168223
168289
168293
168358
168453
168458
168476
168485
168509
168538
168574
169625
169680
169699
169704
169751
169759
169992
170052
170138
170144
170149
170156
170161
170241
170260
170295
170301
170310
170333
170369
170532
170548
170552
170618
170619
170748
170894
171048
171130
171205
171272
171337
171398
171473
171497
171593
171670
171879
171917
171942
172115
172137
172289
172296
172403
172411
172545
172549
172562
172574
172595
172606
172609
172618
172694
172698
172707
172711
172733
172746
172780
172809
172821
172837
172843
172933
173043
173175
173195
173251
173268
173412
173417
173501
173551
173622
173681
173721
173969
173972
174069
174228
174328
174395
174404
174449
174470
174474
174524
174632
174645
174668
174721
174871
174882
174896
174909
174983
175061
175070
175085
175091
175122
175168
175230
175260
175262
175263
175264
175286
175310
175311
175312
175315
175316
175320
175366
175397
175403
175410
175451
175490
175529
175587
175701
175760
175766
175779
175801
175958
175979
175982
176002
176013
176042
176065
176066
176076
176083
176116
176127
176159
176197
176226
176279
176308
176364
176477
176494
176599
176698
176754
176899
176929
176979
177184
177225
177230
177335
177472
177484
177485
177508
177523
177551
177619
177624
177635
177639
177713
177757
177943
178049
178057
178094
178144
178152
178184
178241
178253
178278
178279
178281
178284
178293
178345
178384
178409
178503
178506
178537
178567
178611
178632
178742
178831
178990
179021
179034
179073
179103
179121
179164
179217
179248
179328
179421
179426
179599
179695
179701
179732
179751
179763
179826
179828
179839
179920
179986
180074
180109
180110
180111
180112
180113
180115
180116
180196
180346
180349
180388
180393
180434
180527
180538
180548
180559
180562
180563
180572
180582
180584
180588
180589
180590
180591
180592
180695
180814
180895
180908
180909
180977
181061
181073
181088
181210
181212
181214
181225
181232
181315
181319
181321
181528
181558
181594
181642
181665
181677
181685
181686
181695
181748
181768
181803
181810
181816
181823
181826
181828
181842
181849
181871
181874
181879
181893
181910
181939
181955
182008
182017
182027
182033
182046
182089
182104
182140
182160
182169
182234
182265
182267
182274
182358
182414
182420
182467
182474
182484
182487
182530
182557
182576
182637
183127
183231
183239
183245
183318
183352
183356
183405
183425
183458
183548
183568
183577
183667
183696
183796
183835
183837
183844
183854
183855
183871
183878
183925
183971
183978
184042
184057
184076
184125
184199
184200
184279
184286
184452
184472
184495
184558
184575
184596
184661
184698
184712
184715
184750
184759
184857
184877
184881
184884
184901
184933
185041
185051
185387
185705
185775
185794
185826
185833
185835
185862
185899
185907
185909
185914
185957
186156
186189
186194
186230
186307
186308
186315
186316
186317
186326
186352
186393
186402
186462
186530
186554
186586
186723
186766
186862
187006
187025
187134
187232
187305
187380
187410
187460
187520
187536
187539
187542
187602
187705
187714
187759
187822
187881
187969
188075
188078
188086
188102
188124
188132
188149
188185
188195
188205
188266
188279
188284
188313
188326
188338
188561
188661
188691
188692
188719
188743
188929
188972
189023
189069
189149
189241
189332
189356
189378
189414
189458
189548
189633
189648
189704
189726
189768
189793
189834
189851
189878
190015
190016
190020
190133
190188
190194
190195
190205
190217
190247
190373
190427
190434
190798
190863
190870
190933
190951
190964
191095
191146
191179
191196
191216
191220
191243
191323
191328
191332
191380
191381
191387
191407
191416
191543
191601
191608
191643
191689
191810
191830
191831
191884
191890
191902
191909
191938
191979
191994
192074
192079
192082
192110
192127
192131
192140
192197
192210
192223
192235
192284
192318
192321
192362
192373
192375
192388
192485
192512
192532
192567
192577
192578
192611
192618
192665
192667
192734
192749
192751
192786
192886
192896
192922
192931
192940
192986
193056
193075
193077
193081
193143
193314
193419
193436
193462
193478
193481
193517
193556
193719
193724
193759
193773
193799
193932
193936
194017
194065
194142
194207
194294
194308
194318
194329
194351
194454
194564
194594
194721
194761
194832
194866
194884
194906
194952
195051
195058
195088
195134
195140
195156
195163
195205
195350
195356
195544
195580
195586
195635
195636
195638
195688
195836
195842
195913
195950
196221
196222
196300
196358
196380
196386
196416
196448
196458
196482
196498
196624
196655
196715
196819
196833
196846
196878
196937
196969
196989
197055
197059
197115
197153
197238
197253
197279
197334
197337
197365
197436
197443
197489
197585
197693
197694
197719
197723
197726
197754
197755
197786
197789
197877
197878
197880
197902
197907
197914
197916
197958
197976
198012
198218
198221
198249
198251
198259
198292
198452
198470
198494
198622
198673
198690
198718
198723
198732
198733
198734
198773
198851
198907
198927
199082
199243
199286
199436
199438
199445
199644
199714
199764
199779
199804
199996
200034
200079
200125
200179
200210
200212
200214
200224
200351
200355
200387
200419
200427
200576
200623
200683
200693
200753
200762
200818
200821
200826
200909
201137
201152
201300
201314
201326
201346
201489
201512
201520
201529
201723
201796
201838
201848
201855
201897
201901
201903
201905
201948
201984
202177
202354
202361
202362
202425
202496
202499
202501
202582
202584
202619
202652
202725
202740
202767
202774
202781
202797
202808
202823
202918
202921
202951
202960
202965
202967
202968
202969
203002
203060
203088
203241
203311
203384
203388
203391
203409
203513
203515
203594
203595
203600
203614
203658
203673
203726
203912
204047
204048
204052
204198
204208
204237
204239
204292
204421
204513
204568
204628
204703
204774
204802
204969
204996
205000
205034
205069
205250
205284
205309
205360
205481
205497
205498
205521
205529
205536
205626
205796
205884
205908
205920
205949
205953
206109
206125
206227
206239
206319
206359
206516
206591
206650
206653
206811
206872
206877
206894
207013
207042
207053
207062
207099
207170
207236
207266
207285
207321
207329
207381
207384
207388
207399
207431
207435
207457
207477
207505
207552
207576
207695
207710
207781
207983
208141
208237
208363
208407
208480
208481
208526
208556
208566
208622
208654
208719
208734
208834
208978
209004
209008
209140
209223
209251
209352
209368
209398
209449
209520
209521
209736
209765
209821
209860
209917
209937
209949
210188
210190
210238
210246
210298
210304
210331
210384
210417
210429
210525
210572
210654
210671
210741
210779
210875
210908
210994
211021
211065
211072
211149
211206
211213
211283
211381
211418
211477
211643
211988
212015
212022
212046
212067
212074
212107
212239
212241
212253
212456
212508
212523
212629
212696
212700
212721
212770
212882
212931
212985
213056
213069
213114
213180
213190
213227
213239
213255
213261
213358
213360
213418
213437
213558
213767
213776
213779
213789
213936
213942
213991
214000
214001
214022
214028
214034
214044
214087
214171
214340
214370
214436
214449
214484
214570
214571
214576
214581
214642
214681
214763
214798
214800
214839
214845
215044
215053
215083
215105
215326
215372
215381
215383
215384
215410
215447
215625
215854
215859
215891
215967
215970
216151
216161
216243
216271
216289
216294
216330
216336
216351
216373
216389
216453
216533
216615
216699
216700
216725
216746
216812
216822
216840
216992
217007
217058
217083
217097
217108
217344
217358
217381
217430
217431
217555
217558
217610
217679
217739
217745
217747
217790
218088
218136
218199
218226
218230
218233
218264
218287
218324
218342
218451
218465
218567
218570
218680
218705
218733
218748
218803
218872
218876
218898
219014
219140
219170
219171
219197
219203
219205
219215
219293
219323
219356
219447
219458
219499
219509
219599
219601
219657
219715
219729
219821
219870
220002
220009
220116
220150
220185
220385
220445
220494
220615
220737
220774
220852
220903
220909
220946
221041
221043
221133
221163
221250
221251
221260
221262
221264
221267
221286
221287
221289
221292
221294
221298
221325
221328
221380
221432
221454
221461
221507
221558
221625
221631
221712
221734
221757
221785
221787
221788
221789
221790
221791
221792
221833
221869
221893
221908
221948
221950
221955
221989
222020
222036
222040
222058
222063
222080
222082
222096
222108
222171
222224
222252
222294
222660
222667
222692
222724
222762
222805
222838
222870
223014
223024
223172
223203
223324
223326
223327
223329
223331
223333
223337
223339
223343
223344
223345
223350
223355
223362
223363
223367
223374
223384
223391
223396
223421
223427
223430
223434
223435
223454
223456
223461
223475
223525
223531
223542
223545
223557
223597
223609
223618
223625
223630
223637
223653
223692
223694
223718
223723
223759
223846
223851
223854
223931
223936
223948
223999
224006
224015
224072
224095
224096
224108
224186
224198
224214
224287
224291
224317
224342
224362
224379
224460
224556
224572
224927
225020
225098
225100
225243
225326
225495
225537
225540
225555
225653
225722
225754
225769
225777
225831
225833
225897
225901
225936
226037
226094
226097
226104
226191
226199
226200
226203
226211
226212
226245
226334
226335
226343
226408
226418
226427
226428
226505
226514
226518
226612
226640
226648
226659
226712
226756
226783
226896
226960
227102
227181
227230
227298
227344
227486
227522
227587
227643
227659
227663
227725
227726
227762
227781
227806
227809
227833
227837
227880
228006
228112
228156
228295
228323
228377
228383
228399
228471
228531
228539
228648
228825
228854
228873
229170
229199
229405
229417
229483
229498
229511
229528
229532
229541
229577
229584
229599
229619
229620
229622
229690
229735
229796
229825
229869
229909
229920
229987
230026
230029
230076
230098
230119
230194
230231
230232
230234
230278
230328
230428
230435
230436
230525
230581
230608
230633
230648
230688
230714
230837
230863
230870
231041
231053
231062
231086
231267
231389
231444
231460
231510
231524
231687
231713
231760
231805
231917
231926
232150
232174
232306
232320
232327
232330
232347
232371
232378
232432
232463
232499
232614
232650
232653
232994
233099
233376
233379
233402
233408
233440
234701
234713
234758
235016
235041
235059
235139
235200
235216
235292
235605
235642
235842
235866
236188
236276
236301
236349
236390
236398
236552
236599
236607
237071
237100
237125
237184
237232
237262
237357
237381
237544
237597
237860
237915
237927
238041
238117
238260
238344
238842
238890
238906
238915
239170
239359
239380
239479
239481
239482
239503
239623
239719
239762
239818
240048
240083
240091
240098
240256
240562
240659
240821
240886
240958
240987
240989
241008
241044
241116
241192
241194
241202
241231
241244
241323
241341
241484
241503
241596
241598
241608
241610
241619
241623
241892
241950
242119
242171
242243
242314
242354
242407
242408
242489
242579
242622
242727
242765
242846
242874
242882
242905
242945
242964
243001
243003
243049
243058
243094
243138
243156
243277
243474
243594
243609
243611
243616
243619
243635
243664
243824
243842
243865
243943
244070
244092
244287
244292
244432
244434
244459
244474
244504
244555
244567
244612
244614
244636
244642
244677
244697
244721
244724
244766
244778
244781
244813
244836
244875
244902
244904
244909
244958
244967
244971
245124
245147
245172
245221
245228
245233
245236
245296
245304
245305
245311
245334
245340
245346
245408
245450
245485
245514
245518
245527
245538
245762
245833
245872
245956
245969
246042
246055
246085
246302
246412
246419
246505
246634
246663
246780
246794
246801
246803
246838
246897
246995
247002
247027
247028
247072
247084
247158
247225
247246
247517
247521
247628
247640
247680
247700
247721
248037
248116
248133
248560
248588
248599
248601
248609
248656
248659
248668
248693
249131
249234
249319
249337
249339
249346
249398
249431
249467
249695
249759
249786
249798
250082
250088
250243
250253
250273
250386
250457
250581
250587
250688
250729
250741
250766
250837
251043
251200
251224
251358
251468
251469
251526
251572
251732
251747
251918
252043
252324
252544
252580
252626
252699
252908
253076
253128
253202
253313
253429
253448
253926
253929
253975
254151
254200
254211
254269
254285
254343
254588
254869
254895
254927
255020
255021
255025
255026
255034
255041
255098
255100
255125
255132
255474
255481
255510
255587
255627
255651
255679
255685
255708
255822
255978
255991
256152
256647
256649
256663
256665
257035
257106
257119
257194
257207
257237
257276
257331
257335
257376
257384
257942
258084
258117
258198
258201
258237
258260
258283
258318
258410
258460
258573
258578
258582
258585
258596
258630
258632
258710
258876
258879
259100
259390
259400
259415
259416
259555
259742
259913
260005
260221
260239
260278
260299
260316
260390
260414
260420
260468
260491
260492
260591
260604
260632
260645
260648
260662
260689
260697
260744
260751
260755
260838
260928
260938
260941
261138
261221
261285
261297
261335
261336
261338
261571
261592
261643
261652
261654
261706
261734
261764
261817
261966
262004
262005
262010
262088
262109
262140
262230
262262
262620
262649
262661
262665
262830
262852
263010
263109
263169
263191
263196
263226
263498
263508
263512
263535
263542
263553
263589
263662
263663
263672
263681
263684
263718
263728
263733
263736
263743
263760
263780
263846
263866
263873
263876
263902
263913
264002
264023
264090
264101
264125
264177
264405
264426
264445
264481
264494
264754
264832
264919
264934
265050
265160
265161
265232
265258
265274
265284
265384
265441
265528
265619
265696
265701
265706
265740
265749
265775
265786
265863
265930
265931
265943
265987
266017
266030
266072
266090
266288
266449
266454
266766
266801
266908
267075
267177
267189
267206
267212
267213
267356
267473
267539
267570
267636
267781
267783
267865
267867
267922
268113
268228
268245
268320
268382
268541
268612
268629
268679
268794
268803
268804
268805
268806
268807
268808
268888
268981
268984
269047
269066
269109
269184
269196
269230
269243
269279
269288
269318
269347
269349
269426
269449
269458
269467
269479
269568
269705
269831
269937
269940
270059
270060
270068
270072
270119
270454
270695
270981
270993
270999
271007
271176
271224
271253
271324
271330
271355
271360
271391
271393
271407
271506
271533
271700
271765
271861
271928
271950
271960
272095
272097
272221
272231
272272
272357
272379
272387
272426
272432
272497
272506
272570
272578
272588
272596
272824
272839
272863
272979
272982
272997
273099
273365
273377
273449
273557
273560
273630
273647
273698
273726
273803
273805
273819
273881
273946
273960
273998
274013
274112
274264
274267
274285
274324
274336
274443
274541
274594
274868
274990
274997
274998
275186
275242
275245
275269
275274
275293
275303
275386
275443
275515
275518
275668
275714
275960
276031
276041
276105
276123
276174
276244
276253
276255
276269
276276
276427
276614
276634
276714
276747
276816
276976
277078
277138
277163
277192
277197
277213
277259
277262
277300
277341
277354
277377
277380
277407
277431
277502
277525
277534
277664
278095
278151
278191
278220
278225
278231
278718
279070
279351
279717
279914
279935
279945
280282
280389
280408
280495
280500
280503
280504
280509
280511
280519
280529
280534
280748
280770
280803
280826
280865
280912
280914
281274
281283
281296
281336
281344
281387
281449
281472
281575
281597
281682
281850
281851
281942
281950
282176
282209
282339
282363
282475
282490
282518
282535
282564
282570
282572
282588
282602
282604
282628
282748
282772
282843
282909
283014
283058
283063
283269
283309
283361
283407
283419
283460
283482
283492
283502
283539
283550
283565
283644
283742
283786
283821
283825
283847
283951
284082
284143
284155
284346
284807
284811
284951
284963
285153
285482
285609
286667
286728
286740
287245
287378
287382
287496
287562
287666
287667
287688
287758
287789
287835
287837
288219
288298
288353
288540
288596
288704
288707
288846
288912
288950
288955
288966
288993
289000
289051
289085
289189
289246
289264
289313
289330
289568
289823
289846
290023
290794
290889
290930
290955
291012
291057
291200
291489
291522
291531
291539
291683
291721
291750
291764
291822
291878
292457
292463
292500
292636
292673
292761
292783
292797
292825
292997
293016
293105
293126
293299
293358
293359
293363
293490
293581
293593
293689
293743
294048
294147
294201
294334
294364
294462
294464
294505
294548
294568
294867
294891
294911
295276
295330
295339
295380
295680
295740
295865
295900
296094
296198
296254
296282
296305
296377
296622
296632
296645
296701
296706
296907
296991
296994
297181
297198
297203
297339
297359
297383
297434
297478
297534
297547
297751
297803
297968
298028
298176
298218
298246
298265
298862
298873
298888
298990
299009
299034
299112
299241
299334
299403
299424
299460
299473
299552
299728
299835
299924
299998
300080
300081
300099
300101
300102
300103
300104
300176
300179
300181
300270
300301
300305
300391
300454
300513
300532
300539
300540
300571
300622
300748
300779
300812
300879
300881
300999
301137
301257
301406
301432
301458
301526
301572
301586
301592
301631
301680
301718
301794
301812
301831
301862
301919
301924
301973
302253
302298
302338
302357
302581
302620
302651
302731
302885
302997
303061
303062
303299
303322
303390
303480
303522
303632
303727
303730
304115
304175
304190
304240
304378
304386
304545
304642
304679
304708
304770
305128
305237
305518
305915
305972
305973
305974
305976
305978
306128
306414
306607
306733
307050
307239
307382
307424
307666
307670
307672
307675
307681
307808
307978
308155
308156
308158
308355
308394
308489
308610
308721
309058
309120
309124
309367
309394
309531
309537
309594
309641
309648
309663
309714
310031
310036
310105
310106
310133
310185
310280
310339
310439
310443
310446
310514
310579
310671
310690
310706
310707
310708
310943
310946
311058
311063
311101
311216
311218
311236
311244
311289
311326
311330
311333
311336
311337
311380
311413
311449
311639
311776
311805
311874
311884
311913
311922
311998
312118
312121
312292
312510
312543
312548
312555
312647
312889
312907
312918
313037
313050
313075
313245
313250
313457
314126
314518
314808
314814
315037
315205
315256
315512
315524
315760
315773
315837
315838
315865
315879
315906
316078
316290
316319
316346
316475
316713
316789
316810
316897
316898
316946
316948
317005
317043
317053
317125
317201
317243
317314
317321
317332
317372
317388
317391
317476
317507
317543
317548
317557
317711
317931
317980
317985
318068
318099
318295
318399
318571
318594
318603
318751
319003
319036
319279
319458
319465
319467
319473
319476
319480
319483
319532
319576
319593
319629
319674
319794
319795
319809
319951
320159
320166
320173
320200
320222
320269
320355
320376
320586
320679
320689
320693
321029
321213
321249
321410
321419
321420
321444
321511
321594
321631
321643
321670
321686
321687
321692
321699
321701
321702
321704
321725
321938
322661
322724
322935
322985
322988
323005
323017
323566
323735
323852
323899
323906
323975
323992
324005
324006
324021
324136
324194
324230
324303
324372
324423
324442
324453
324491
324548
325040
325336
325594
325734
325827
326040
326043
326080
326434
326449
326639
326697
326918
327088
327200
327480
327512
327671
327674
327867
328210
328270
328337
328486
328526
328724
329209
329218
329263
329345
329376
329397
329399
329400
329407
329572
329645
329659
329689
329749
329770
329791
329798
329837
329862
329950
329957
330008
330028
330051
330105
330122
330135
330285
330349
330351
330356
330378
330650
330716
330721
330724
330760
330860
330957
330974
331032
331040
331110
331223
331302
331368
331428
331489
331691
331752
331940
331984
332381
332586
332631
332632
332708
333008
333306
333419
333459
333507
334139
334143
334205
334229
334230
334253
334691
334709
334837
335123
335177
335330
335339
335341
335427
335481
335495
335533
335599
335608
335735
335761
335779
335990
336131
336145
337189
337219
337680
337734
337755
337986
338477
338569
339137
339237
339352
339483
339987
340012
340053
340191
340208
340431
340580
341044
341074
341372
341600
341634
341637
341675
341710
341869
341876
341884
341908
341925
341969
341992
342066
342608
342693
342709
342928
342944
342977
342978
343095
343111
343120
343202
343464
343626
343726
343752
343928
344032
344035
344049
344069
344086
344112
344145
344177
344223
344228
344284
344309
344429
344468
344499
344557
344566
344595
345152
345162
345166
346111
346217
346219
346516
346825
347139
347215
347282
347296
347439
347567
347645
347665
347693
347748
347782
347850
347937
348047
348076
348090
348108
348168
348443
348801
349146
349291
349681
350119
350288
350401
350418
350432
350739
350847
350937
350939
350964
351014
351016
351106
351171
351275
351361
351363
351376
351519
351554
351555
352623
352869
353293
353310
353334
353784
354262
354650
354660
354686
355456
355458
355501
355558
355773
355774
355859
355948
356047
356284
356322
356408
356566
356765
356809
357109
357213
357485
357576
357665
357858
357929
357952
357954
358001
358005
358007
358049
358102
358112
358119
358143
358339
358359
358570
358641
358645
358669
359288
359290
360171
360191
360539
360727
360787
360797
360811
360825
360834
360864
361054
361089
361106
361130
361131
361133
361184
361189
361194
361269
361287
361337
361341
361368
361400
361414
361438
361623
361647
361893
361941
361951
361957
361960
361976
361984
362033
362118
362119
362129
362133
362601
362702
362718
362735
363042
363049
363566
363571
363636
363658
363680
363714
363778
363809
363845
363850
363863
363934
363971
364095
364843
364904
364910
364964
365011
365093
365199
365271
365280
365504
365755
365853
365968
366129
366153
366518
366638
367050
367581
367589
367966
368119
368912
368927
369063
369086
369185
369201
369218
369447
369451
369557
369573
369581
369979
370094
370629
370777
371135
371464
371550
371980
372452
373721
373899
373909
373916
373932
373950
374007
374027
374053
374057
374100
374106
374737
374748
374817
374818
374907
374919
374969
375083
375091
375097
375259
375329
375352
375886
376004
376027
376563
376618
376808
377107
377115
377206
377264
377542
377582
377592
378122
378148
378209
378558
378582
378698
378805
378809
378864
378941
379049
380045
380096
380102
380103
380158
380317
380354
380413
380760
380782
380873
380878
380939
381129
381185
381192
381194
381237
381356
381553
381758
381762
381771
382048
382321
382612
382625
382666
382667
382678
383112
383117
383127
383564
384029
384101
384112
384214
384255
384257
384289
384397
384472
384477
384517
384569
384719
384782
384814
384839
384872
384882
384905
384939
384962
385037
385145
385178
385239
385322
385372
385381
385420
386100
386112
386116
386144
386160
386292
386334
386340
386351
386556
386570
386596
386614
386735
386807
386997
387007
387052
387250
387272
387279
387290
387307
387544
387760
388143
388215
388236
388254
388515
388527
388554
388564
388622
388740
388743
388746
388936
389076
389078
389108
389116
389145
389250
389454
389561
389592
389600
389783
390013
390126
390181
390344
390346
390359
390362
390386
390429
390499
390537
390631
390663
390728
390847
390848
390857
390860
390865
390871
390879
390881
390929
391092
391217
391385
391390
391611
392106
392311
392426
392457
392701
392728
392761
392785
392797
392859
393615
394016
394253
394294
394329
394332
394346
394516
394861
395246
395296
395351
395518
395521
395531
395541
395729
395731
395734
395737
395845
395944
396338
396370
396467
396493
396802
396954
397031
397088
397130
397137
397402
397445
397478
397483
397497
397508
397527
397545
397600
397792
397968
398054
398131
398163
398285
398400
398641
398797
398799
399165
399166
399174
399382
399427
399462
400781
400785
400826
400982
401098
401136
401483
401793
401940
402362
402410
402473
402566
402658
402671
402753
403039
403083
403402
403417
403602
403603
403616
403692
403703
403707
403736
403783
403793
403803
403822
403891
403909
404035
404126
404323
404713
404797
404822
404864
404874
404898
405100
405191
405342
405694
405697
406289
406387
406388
406486
406587
406614
406702
406704
407319
407355
407552
407763
407971
407973
408289
408583
408978
409208
409230
409237
409370
409380
409395
409440
409512
409518
409701
409850
409943
409973
409986
410015
410087
410099
410187
410212
410221
410237
410245
410334
410451
410475
410789
410793
410882
411063
411068
411075
411140
411270
411329
411337
411364
411405
411466
411519
411620
411679
411690
411723
411822
411865
411920
411930
412021
412481
412490
412526
412673
412677
412754
412772
412988
413077
413115
413193
413303
413388
413412
413426
413442
413505
413655
413759
413828
414101
414427
415081
415092
415137
415139
415168
415178
415202
415222
415233
415238
415258
415272
415275
415329
415350
415398
415484
415501
415622
415682
415967
416004
416040
416123
416474
416494
416516
416682
416906
416978
416983
417170
417360
417382
417453
417515
417839
418145
418151
418248
418254
418267
418271
418294
418308
418474
418743
418767
418823
419017
419075
419655
419731
419872
419875
419883
419891
419896
420115
420163
420459
420583
421009
421859
422043
422279
422331
422698
422707
422944
423022
423073
423118
423136
423198
423218
423269
423286
423336
423388
423437
423454
423467
423496
423506
423541
423546
423602
423797
423986
424003
424443
424447
424669
424882
425007
425048
425200
425314
425719
426147
426165
426238
426275
426547
426944
427227
427373
427502
427835
428010
428019
428637
428651
428660
428757
429000
429026
429298
429617
429647
429679
429747
429873
429966
430029
430249
430254
430291
430463
430831
430854
431002
431561
431633
432277
432600
433792
433904
433996
434116
434202
434670
434689
434763
435066
435144
435457
435618
435648
436928
437142
437800
437863
438240
438274
438299
438306
438953
439021
439075
439098
439107
439120
439174
439207
439223
439729
439828
439912
440484
440495
440629
440749
440758
440963
441090
441161
441204
442843
442901
446238
446271
446293
446330
446585
446593
446662
447488
447494
447742
447930
447975
448078
448524
448598
448841
448849
448928
448985
449351
449356
449478
449482
449613
449617
449627
449671
449680
449818
450006
450315
450389
450571
450796
450882
451052
451077
452010
452016
452559
452835
452854
452920
452959
452973
453297
453307
453513
453791
453795
453820
454365
454401
454719
454770
454949
455645
455726
455858
456333
456702
456727
456963
456997
457009
457032
457829
458696
458842
458929
459084
459286
459443
459502
459532
459634
460121
460353
460428
460514
460530
460545
460556
460642
460815
460911
460920
460928
460956
461242
461272
461308
461345
461429
461598
461780
462321
462416
462441
462442
462503
463123
463177
463286
463330
463380
463481
463604
463657
463695
463828
463902
463915
464426
469372
469668
469730
469803
469841
470003
470010
470041
470067
470206
470298
470380
470398
470519
470520
470544
470547
470553
470637
470749
471087
471265
471520
471660
471739
471941
471967
472013
472026
472391
472470
472543
473064
473144
473252
473690
473742
473798
473811
473888
473950
474021
474262
474397
474656
474688
474798
474833
474899
474963
475098
475114
475167
475177
475442
475499
475660
476150
476168
476178
476179
476257
476439
476526
476615
476958
477073
477222
477344
477771
477896
477897
478367
478368
478621
478957
479021
479135
479139
479612
480778
480883
480984
481164
481335
481360
481472
481512
481518
481532
481632
481654
481733
482170
482200
482634
482707
482743
482780
482818
482922
482998
483439
483774
484160
484339
484377
484398
484420
484434
484615
484634
484664
484745
484801
484905
484930
485354
485359
485382
485407
485684
485748
486502
486629
486667
486693
486732
486837
486933
487008
487081
487296
487378
487656
488108
488147
488269
488308
488371
488643
488795
488923
488985
489102
489146
489284
489483
490379
490402
490728
490782
490899
490946
490960
490997
491023
491191
491319
491415
491473
491654
491668
491753
491892
492512
492767
493176
493324
493484
493535
493552
493791
494979
495382
495495
495497
495508
495515
495525
495583
495789
495793
496113
496128
496219
496260
496285
496293
496326
496360
496375
496405
496414
496757
496841
496883
496925
496937
496973
497010
497047
497114
497244
497255
497312
497655
497664
497724
497771
498052
498351
498358
498562
498845
498852
498865
498878
498964
499030
499041
499348
500348
500436
500468
500515
500588
500686
501585
501672
502016
502207
502593
502753
502758
502816
502819
502926
503208
503283
503298
503300
503707
503804
503821
503922
503988
504122
504162
504261
504362
504507
504509
504514
504731
504751
504759
504761
504782
504951
504984
505007
505157
505173
505259
505278
505336
505347
505424
505595
505947
506040
506126
506161
506412
506496
506498
506595
506644
506646
506654
506791
507012
507097
507132
507139
507159
507172
507222
507303
507310
507494
507525
507957
507972
508024
508184
508228
508256
508346
508446
508459
508475
508487
508490
508493
508506
508517
508894
509315
509390
509574
509697
509924
509930
510025
510152
510336
510388
510759
510887
510888
511025
511044
511317
511381
511440
511459
511536
511779
512065
512076
512102
512958
512968
512973
513105
513134
513137
513154
513172
513236
514224
514293
514421
514451
514577
514897
515322
515484
515574
516237
517470
517711
518081
518097
518196
518637
518641
518669
518837
518928
519044
519059
519061
519120
519220
519367
519418
519582
519631
520518
520623
520630
520842
520871
520883
520903
521582
521779
521960
522203
522214
522403
522876
526258
526265
526325
526570
526880
527042
527296
528940
529367
530289
530292
530441
530458
530464
530499
530511
530853
530871
530881
530967
530974
531032
531042
531051
531146
531890
532225
532643
532667
532836
534297
534450
534541
534554
534630
534711
534794
534887
534908
535436
535827
536130
536134
536341
536669
536853
536954
537047
537564
537670
538008
538651
538771
538800
538938
540242
540301
540399
540711
541020
541169
541199
541354
541502
541606
541858
541862
542180
542258
542340
542670
543775
543782
544096
544329
544334
544782
544928
545052
545136
546220
546753
547145
547630
547663
547683
548094
548587
549040
549084
549130
549355
549364
549831
549882
550266
550625
550696
550937
557154
560668
561805
562335
562417
563268
563870
564196
565736
565883
566056
566400
566811
567468
568832
569241
569350
569891
569966
570035
570133
570358
570563
570568
570651
574638
574639
574962
575562
576288
576504
576532
576857
576887
577584
577612
577920
577969
578119
578138
579116
579517
579523
579560
579760
580268
581939
582349
582360
582810
583184
583710
583819
583987
584582
584603
584757
586251
587012
587214
587687
587727
587733
587829
587854
587910
588239
588562
589400
589739
590020
590279
590319
591002
591295
591302
591432
591770
591786
591813
592090
592094
592200
592316
592400
592525
592803
592864
592885
593229
593712
593893
593911
593926
594045
594080
596363
596368
600359
601192
601287
602498
602527
602596
602767
603196
603764
603788
604534
604560
604945
605608
605720
605845
605915
606526
608577
608620
608656
610219
612231
614355
614441
614523
614947
615336
615448
615672
615840
616770
617543
617896
618031
619484
619578
621308
622112
622113
622118
622122
622170
622864
622937
623588
623834
624645
625199
625546
626082
627245
627376
629087
629113
629150
629612
629745
629879
629892
630146
630227
630265
630462
630903
631206
631227
631348
631589
631956
632017
632101
632721
632808
633001
633231
633245
633262
633266
633364
633371
633600
633607
633751
634312
634488
634630
634648
634679
634692
635597
636013
636278
636560
637194
637267
637800
637840
638635
638685
639473
639682
639684
639796
639876
640488
640530
640532
640781
640904
641240
641640
642281
642488
642494
642498
642515
642643
642675
642847
642862
642876
642886
643039
643225
643274
643442
643446
643537
643622
643731
643882
643908
644238
644358
645264
645299
646505
647130
647409
648222
648298
648305
648346
648348
648434
649322
649533
650085
651355
651518
651966
652447
652911
653125
653214
653221
653254
654198
654851
654888
655288
658011
658013
658089
658217
659248
659419
659565
659760
659784
659957
660563
660565
661051
661646
661647
661722
661751
661768
661847
661873
661959
661977
661978
662083
662108
662155
662204
662218
662287
662412
662583
663312
663431
663628
663729
664038
664044
664200
665144
665302
665330
665398
665651
665688
665722
665791
665798
666065
666557
666632
666716
666722
667032
667188
667242
667400
667408
667613
667739
667740
667770
668439
669365
669438
669440
669736
669776
670329
670509
670572
670779
670924
671119
671406
671605
671749
671857
671935
671939
672243
672245
672487
672499
672623
672629
672664
673273
673384
673723
673724
674195
674426
674540
674741
674757
674774
674838
674866
675398
675578
675580
675614
675710
676212
676581
676710
676976
677557
677955
678050
678487
678496
678727
678989
679657
679907
679969
680240
680415
680480
681001
681468
681617
681986
682344
682442
682617
682774
683024
683298
683318
683792
683925
683957
683965
684070
684092
684099
684152
684268
684544
684567
684573
684603
684701
684838
685007
685032
685304
685344
685432
685447
685491
685552
685909
685990
686015
686343
686363
686595
686805
686823
687325
687734
687887
687908
688048
688270
688546
688567
689245
689257
689314
689997
690010
690072
690295
690330
690338
690387
690536
690796
690812
691611
691698
691766
691977
692040
692068
692116
692154
692252
692262
692326
692352
692360
692603
693788
693933
693943
694053
694141
694181
694449
694467
694471
694749
694930
694931
694943
694988
695005
695041
695416
696198
696266
696360
696822
697048
697055
697099
697412
697512
697959
698416
698579
698708
699200
700075
700091
700612
700726
700831
700833
701160
701183
702987
703058
703086
703138
703412
703415
703600
703659
703759
703819
703882
703894
703910
703972
704266
704621
705420
706533
706841
706934
707006
707014
707228
707231
707406
707433
707720
707748
708013
708019
708076
708081
708123
708182
708303
708589
708592
708696
708820
708886
708917
709000
709072
709336
709378
709537
709883
709951
710006
710368
710535
710813
710864
710996
711075
711662
712065
712103
712318
712321
712344
712376
712979
713006
713285
713321
713407
713900
713975
714024
714186
714215
714521
714673
715054
715192
715413
715740
715949
715996
716292
716448
716570
716677
716761
716976
717716
717729
718241
718852
719426
719631
719856
719875
720306
720992
721333
721341
722145
722281
722301
722327
722337
722748
722919
722977
723044
723175
723307
723461
723707
723974
724039
724134
724153
724217
724243
724253
724522
724599
724889
724944
725569
725707
725711
726063
726117
726163
726364
726375
726765
726773
727330
727368
727487
727727
727870
727974
728004
728040
728047
728110
728199
728664
729040
729064
729341
729424
730067
730111
730121
730239
730779
730786
730788
730963
731112
731351
731472
731618
731724
731733
731878
732287
732394
732415
732430
732431
732987
733015
733017
733051
733072
733148
733152
733222
733248
733267
734418
734433
734936
735638
735748
735971
736065
736236
736272
736283
736391
736522
736800
736863
736867
737039
737042
737058
737140
737169
737315
737323
737334
737578
737625
737695
737772
738072
738553
738565
738569
738615
738740
738899
739251
739321
739601
739737
739752
739858
739962
740037
740989
740999
741439
741549
741683
741862
742588
743345
743505
743518
743524
743545
743643
743687
743953
744662
744692
745171
745276
745324
745447
745495
745921
745938
745953
746000
746003
746024
746186
746497
746505
746513
746541
746733
746766
746786
747612
747726
747825
747829
748069
748123
748128
748214
748375
748538
748765
748903
748925
749677
749887
750118
751263
751281
751284
751299
751347
751577
751581
751604
751699
751870
751876
751904
752010
752042
752073
752353
752402
753375
753386
753399
753491
753567
753602
753725
753835
753868
753939
753971
754025
754352
754536
755322
755354
755679
756149
756182
756697
756729
756833
756879
757100
757957
758002
758380
758401
758445
758642
758785
758854
758948
758978
759090
759131
759133
759247
759418
759454
760484
760595
761000
761158
761218
761219
761220
761222
761304
761329
761382
761463
761480
761573
761617
761655
761726
761790
761975
762118
762121
762251
762271
762510
762695
762883
763177
763258
763403
763458
763812
763994
764122
764243
764335
764434
764517
764558
764725
764731
764935
764986
765031
765227
765291
765318
765355
765565
765664
765679
765825
765955
766145
766205
766346
766404
766434
766437
766533
766578
766633
766770
766875
766892
766963
767066
767348
767458
767468
767482
767647
767765
767770
767829
768110
768151
768266
768313
768322
768327
768345
768574
768677
769014
769016
769058
769335
769716
769998
770190
770209
770349
770504
770508
770513
770548
770557
770711
771028
771110
771215
771382
771465
771596
771666
771694
771699
771882
771977
772039
772118
772448
772509
772744
772778
772886
773313
773519
773888
774050
774393
774792
774872
774883
774896
775123
775504
775531
775560
775693
776017
776371
776449
776461
776634
776684
776699
776932
777099
777241
777274
777279
777651
777942
777957
777984
778314
778414
778610
778629
778803
778834
778931
779113
779442
779656
779908
779910
780021
780036
780167
780277
780285
780632
780676
781150
781175
781238
781253
781265
781281
781282
781284
781295
781325
781614
781664
781673
781718
781880
782562
782703
782764
782979
783117
783191
783258
783332
783356
783360
783392
783688
783708
783807
783852
783877
783993
784101
784186
784676
784714
784989
785120
785243
785384
785577
785785
785833
786044
786109
786238
786301
786609
786745
786822
786956
786976
787054
787113
787160
787179
787240
787815
787886
787955
788257
788420
788499
788752
788883
789034
789245
789260
789305
789370
789388
789418
789579
789652
789689
789803
790005
790061
790115
790465
790623
790634
790786
790846
790854
790873
790876
791278
791289
791293
791498
791674
791775
791826
791893
791979
792295
792725
792737
792847
792850
792895
792927
792998
793532
793704
794099
794144
794382
794395
794407
794904
795291
796013
796139
796295
796379
796414
796438
796487
796557
796808
796897
796956
797159
797636
797685
797717
797754
797988
798121
798135
798301
798599
798686
798742
798744
798767
798812
798913
799056
799072
799593
799739
799839
799855
799867
799881
799895
799898
800109
800140
800231
800324
800356
800414
800608
800909
801197
801230
801370
801372
801437
801522
801531
801743
801973
802011
802079
802286
802498
802846
802863
802896
802930
803028
803114
803141
803734
803816
803876
803922
803934
803941
804080
804364
804534
804548
804772
804809
804980
805010
805013
805023
805027
805073
805699
806055
806151
806213
806571
806577
807440
807448
807772
807915
807924
807961
808167
808169
808287
808338
808730
808755
808762
808832
808975
809012
809212
809248
809691
809816
810320
810401
810755
810778
810872
810880
811136
811366
811502
811776
812028
812064
812351
812585
812754
812907
812969
813159
813279
813300
813377
813395
813421
815084
815085
815547
816086
816143
816156
816254
816560
816637
816888
817244
817245
817331
818109
818848
818972
819088
819278
819309
819333
819362
819428
819591
819714
819717
819807
819821
819863
819899
819911
819930
820146
820217
820224
820277
821896
822002
822262
822547
823588
823915
824163
824203
824433
824666
824689
824753
824771
824802
824909
824925
824926
824931
824973
825091
825643
825646
825729
825764
826005
826026
826097
826176
826238
826361
826394
827052
827158
827484
827606
827816
831353
831654
831663
831803
831962
832217
832256
832593
832750
832858
833080
833470
833735
833758
833782
833836
833856
834065
834071
834366
835005
835087
835138
835142
835200
835302
835437
835647
836079
836081
836149
836187
836649
836689
836877
837018
837215
837256
837328
837400
837729
837733
838127
838178
838196
838231
838510
838572
838587
838635
838647
838682
838685
838817
838855
838910
840285
840515
840598
840688
840736
840759
841380
841630
841947
842035
842050
842462
842625
843160
843171
843256
843263
843421
844067
844327
844428
845677
845729
845832
846184
846338
846389
846397
846400
846430
846432
846931
847101
847176
847185
847276
847452
847473
847493
847876
848625
848732
848742
848905
850022
850114
850447
850637
850775
850938
851807
852091
852103
852306
852316
852349
852413
852713
852841
853068
853130
853145
853284
853355
853410
853637
853894
854032
854049
854290
854299
854424
854439
854445
854726
854793
854973
855013
855269
855276
855304
855322
855618
856137
856193
856305
856310
856518
856554
856588
856836
856981
858255
858598
858603
858608
858650
858662
858671
858674
858894
858915
859136
859333
859342
859357
859395
859469
859688
859802
859806
859962
860197
860348
860939
861170
861521
861849
861940
862589
862681
862835
862836
862882
863221
863544
863551
863944
863956
863979
863983
864091
864354
864489
864598
864696
864701
864712
864751
864777
864783
865115
865168
865354
865436
865777
865828
865875
866271
866382
866426
866433
866576
866815
866829
866837
866844
866861
867052
867133
867164
867249
867436
867473
867513
867521
867577
867616
867699
867952
868146
868436
868561
868570
868572
868583
868590
868615
868834
868934
869450
869574
869605
869831
869888
870001
870062
870615
870703
870709
871071
871142
871156
871749
872089
872094
872190
872304
873474
873584
873614
873818
874017
874093
874107
874198
874228
874387
874401
874427
874482
874574
874778
874924
875049
875775
875938
876022
876148
876192
876257
876295
876300
876708
876719
876751
876800
877300
877303
877402
877515
877598
877642
878145
878181
878332
878339
878394
878420
878434
878724
878779
879389
879562
879582
879740
879803
879960
879984
880089
880099
880187
880591
880730
880863
881004
881115
881186
881548
881557
881713
881733
881855
881891
881901
881918
882220
882258
882412
882475
882546
882733
882848
882923
882942
883151
883693
883731
883867
884159
884756
884931
885031
885041
885539
885975
886287
887167
887321
887462
887589
887611
887700
887744
887766
887816
887818
887879
887889
887968
887993
888021
888030
888141
888176
888253
888254
888261
888331
888484
888666
888694
888729
888929
888930
888939
888986
889041
889160
889243
889293
889333
889793
889795
889874
889886
890196
890209
890228
890272
890513
890555
890747
891093
891265
891266
891267
891268
891270
891846
892049
892289
892337
892465
892466
892510
892610
892615
892632
892667
892717
892904
892986
893085
893305
893353
893395
893745
893856
893922
893970
894110
894165
894170
894174
894198
894308
894431
894518
894569
894604
894623
894657
894863
894870
894871
894872
894876
894880
894922
894949
895172
895202
895551
895587
895650
895696
895722
895727
895730
895769
895772
895778
895780
895795
895798
895824
895917
895972
896093
896298
896299
896338
896511
896522
896648
896649
897385
897556
897606
897974
898269
898344
898522
898528
898614
898841
899069
899103
899954
899964
900062
900137
900179
900543
900573
900618
900619
900662
900685
900930
900973
901050
901064
901210
901377
901542
901720
901728
901775
901799
901956
902064
902322
902336
902733
902739
902970
903363
903424
903521
903740
903869
903872
904059
904064
904659
904671
904672
905015
905194
905543
905607
905641
905679
905688
905692
905737
905756
905816
905831
906201
906226
906322
906433
906790
906890
906907
906959
907311
907701
907819
907867
908162
908818
908880
909166
909374
909375
909757
909863
910206
910300
910398
910427
911606
911857
911880
912161
912865
913276
913695
914232
914286
914331
914472
914877
915073
915110
915114
915127
915133
915140
915331
915346
915541
915573
915585
915649
915756
915940
916430
916704
917213
917453
917454
917455
917456
917688
917791
917843
917875
917946
918243
918923
918946
919112
919175
919241
919429
919859
920005
920285
920357
920401
920403
920548
920926
921286
921288
921635
921675
921704
921709
921717
921780
922418
922446
922456
922470
922496
922506
922559
922567
922597
923020
923022
923240
923679
923759
923851
923864
924151
924393
924407
924485
924487
924650
924851
924855
924914
924951
925007
925324
925425
925513
925519
925527
925585
925757
926093
926222
926228
926638
927338
927384
927413
927567
927661
928255
928280
928602
928816
929288
929361
929633
929717
931197
932557
933620
935503
935573
936399
937592
937921
938021
938349
938530
938683
938684
939158
940384
941178
941335
941421
942103
942146
942179
942481
942629
942859
943231
943255
943487
943717
943725
943737
944025
944359
944392
944665
944732
944735
945122
945990
946053
946160
946323
946384
946409
946578
946728
947349
947637
947690
947725
947728
947790
947946
947982
948146
948150
948259
948345
948481
948876
948929
949285
949295
949382
949513
949560
949643
949686
949712
949823
950180
950190
950192
950201
950299
950471
950485
950507
950700
950845
950853
950881
951190
951230
951249
951292
951468
951508
951530
951623
951691
952035
952095
952166
952174
952349
952501
952771
952983
953041
953053
953083
953203
953219
953579
953649
953719
953791
953866
954398
954402
954512
954667
954818
955016
955170
955286
955606
956194
956295
956296
956449
956791
956799
956967
957035
957229
957557
957829
957874
957881
958374
958432
958459
958769
958864
959187
959329
959679
959697
959987
960082
960244
960330
961046
961226
961428
961757
961841
961929
961997
962013
962033
962462
962604
962705
962753
962872
962889
962895
962902
962908
962909
963155
963161
963164
963327
963352
963368
963384
963542
963546
963584
963774
963798
963809
963815
963816
963921
964010
964167
964315
964467
964550
964582
964583
964603
965141
965267
965314
965510
965663
965914
966347
966383
966494
966527
966531
966814
966949
967284
968082
968165
968174
968232
968240
968328
968355
968402
968690
968699
968742
969223
969456
969605
969619
969988
970157
970520
970760
970869
970878
970902
971234
971304
971360
971386
971422
971590
971599
971857
972045
972220
972243
972355
972374
972561
972601
972936
973245
973386
973658
974072
974078
974090
974222
974271
974368
974369
974370
974473
974704
974878
974892
975024
975047
975212
975428
975514
975653
975749
975827
975983
976137
976441
976603
976657
977092
977212
977597
977697
977851
978125
978143
978335
978680
978768
978823
979110
979204
979333
979375
979787
979820
980249
980511
980599
980649
980856
980876
980881
981036
981472
981796
981824
982130
982202
982291
982293
982510
982753
983070
983077
983331
983548
983710
983867
984654
984947
984965
985124
985133
985150
985272
985367
986365
986380
986386
986459
986679
987090
987132
987751
988103
988271
988272
988332
988550
988877
989415
990048
990112
990838
990878
991713
991717
991718
992114
992280
992564
992607
992618
993582
993670
993711
993722
993767
993975
994051
994504
994612
995055
995122
995144
995347
995699
995936
995969
995995
996041
996122
996141
996237
996262
996273
996303
996371
996535
996540
996956
996981
997070
997127
997198
997350
997376
997381
997514
997615
997988
998138
998398
998422
998457
998555
998925
998935
998979
998981
998993
999314
999765
999789
1000363
1000567
1000922
1001218
1001255
1001951
1002188
1002641
1003433
1003455
1003468
1003980
1004007
1004136
1004360
1004412
1004536
1004604
1004745
1004750
1004833
1004847
1004964
1005020
1005315
1005355
1005374
1005421
1006306
1006524
1006599
1006677
1006691
1007014
1007689
1007702
1007799
1007988
1008579
1008846
1009046
1010132
1010316
1010340
1010466
1010522
1010787
1010806
1010835
1010858
1011035
1011093
1011463
1011767
1011888
1011956
1012249
1012644
1014459
1014593
1015283
1015373
1015406
1016148
1016253
1016860
1016966
1017189
1017576
1018037
1018094
1018146
1018270
1018336
1018413
1018489
1018568
1018608
1018621
1018790
1019367
1019372
1019389
1019425
1019457
1019891
1020371
1020472
1020943
1021010
1021232
1021460
1021776
1021885
1021906
1022048
1022211
1022655
1023448
1023572
1023635
1023669
1023773
1023787
1023792
1023899
1023920
1023986
1024029
1024356
1024393
1024575
1024668
1024734
1024773
1024880
1024899
1024984
1025125
1025217
1025365
1025575
1025881
1026146
1026196
1026252
1026265
1026893
1027192
1027822
1027873
1027949
1027962
1028332
1028345
1028392
1028396
1028820
1029027
1029238
1029243
1029457
1029466
1029594
1029668
1029723
1029877
1030295
1031321
1031437
1031644
1032086
1032468
1032610
1033107
1033253
1033423
1033832
1033882
1033895
1034023
1034042
1034257
1034317
1034346
1034625
1035320
1035742
1035976
1036877
1036886
1036995
1037157
1037430
1037714
1038129
1038594
1038906
1039315
1039325
1039504
1039643
1039750
1039805
1039821
1040047
1040166
1040373
1040471
1040533
1040639
1040786
1041173
1042486
1042746
1043360
1043372
1043385
1043480
1043801
1043804
1044285
1044698
1044716
1044869
1044933
1045644
1045844
1046084
1046466
1046630
1046697
1047086
1047100
1047119
1047124
1047125
1047447
1048322
1048457
1048540
1048571
1049012
1049040
1049360
1049367
1049375
1049402
1049624
1049733
1050017
1050022
1050030
1050047
1050054
1050193
1050196
1050231
1050244
1050454
1050656
1050705
1050706
1050707
1050733
1050753
1050912
1051029
1051192
1051369
1051373
1051734
1051885
1052174
1052793
1052819
1052856
1053048
1054282
1054382
1054526
1054765
1055503
1055823
1056144
1056611
1056676
1056686
1056953
1057216
1057269
1057419
1057484
1057531
1057971
1058015
1058135
1058383
1058427
1059395
1059758
1060518
1060541
1061010
1061199
1061204
1061211
1061292
1061439
1061446
1061591
1061623
1061664
1061736
1062380
1062803
1062888
1063022
1063039
1063256
1063298
1063371
1063493
1063627
1064087
1064095
1064149
1064587
1064869
1065041
1065128
1065134
1065167
1065186
1065401
1065402
1065403
1065468
1065485
1065493
1065495
1065500
1065516
1065517
1065583
1065731
1065776
1065829
1065830
1065885
1065964
1066007
1066083
1066135
1066189
1066203
1066206
1066233
1066410
1066502
1066504
1066607
1066790
1066801
1066851
1066914
1067004
1067037
1067087
1067090
1067276
1067291
1067321
1067443
1067530
1067533
1067547
1067809
1067824
1067835
1067870
1067912
1067967
1068153
1068412
1068433
1068434
1068505
1068880
1068881
1068934
1069034
1069039
1069045
1069080
1069105
1069141
1069171
1069175
1069189
1069263
1069335
1069376
1069388
1069392
1069396
1069467
1069487
1069527
1069528
1069531
1069561
1070081
1070247
1070259
1070344
1070510
1070532
1070533
1070835
1070859
1070889
1071294
1071524
1071832
1071918
1072078
1072277
1072616
1072832
1072857
1072868
1072893
1073114
1073202
1073363
1073420
1073485
1073514
1073551
1073565
1073571
1073712
1073780
1073925
1074047
1074136
1074420
1074613
1074869
1074930
1074996
1075827
1076047
1077022
1077136
1078002
1078432
1078479
1079275
1079447
1079480
1079561
1079630
1079766
1080437
1080508
1080700
1080839
1080901
1081137
1081145
1081148
1081167
1081211
1081367
1081406
1081656
1081750
1081766
1081817
1081878
1081986
1081994
1082288
1082521
1082774
1082847
1082891
1082991
1083231
1083376
1083421
1083531
1083543
1083734
1083922
1083923
1084156
1084183
1084342
1084638
1084865
1084892
1084904
1084939
1085042
1085079
1085332
1085336
1085546
1085724
1085743
1085782
1085914
1086108
1086134
1086259
1086453
1086752
1086781
1086850
1087061
1087122
1087188
1087189
1087382
1087436
1087489
1087525
1087683
1087744
1088159
1088966
1088975
1089116
1089205
1089467
1089502
1089583
1089914
1089978
1089995
1090678
1090838
1090982
1091118
1091165
1091209
1091296
1091303
1091380
1091403
1091957
1092125
1092230
1092574
1092678
1092831
1092849
1092859
1093242
1093667
1093908
1094063
1094151
1094224
1094276
1094343
1094702
1095612
1095633
1095645
1095708
1095765
1095797
1095830
1095934
1096123
1096560
1096609
1096907
1097208
1097217
1097979
1098793
1098948
1099489
1100096
1100326
1100379
1101500
1101771
1101877
1101882
1101949
1102018
1102064
1102067
1102227
1102365
1102537
1102546
1102591
1102652
1102660
1102764
1102780
1103033
1103212
1103258
1103298
1103448
1103582
1103812
1104077
1104111
1104120
1104349
1104693
1104874
1105673
1106009
1106019
1106238
1106505
1106652
1107126
1107130
1107282
1107536
1107726
1108125
1108291
1108418
1108420
1108504
1108662
1108874
1109311
1109544
1109620
1110229
1110243
1110927
1112297
1112342
1112433
1112679
1113025
1113212
1113289
1113559
1113663
1113759
1114027
1114347
1114617
1115139
1115759
1115763
1115864
1116387
1116424
1116545
1117079
1117608
1117768
1118402
1118501
1118508
1118521
1118638
1118898
1119224
1119228
1120982
1121132
1121317
1121574
1121575
1121771
1121896
1121900
1121972
1121980
1121990
1122177
1122408
1122419
1122513
1122661
1122662
1122664
1122791
1123360
1124540
1124974
1125143
1125329
1125389
1125425
1125752
1126401
1126414
1126433
1127455
1128357
1128358
1128393
1128701
1129529
1129649
1129761
1129816
1129996
1130235
1130376
1130416
1130528
1130721
1130874
1131306
1131465
1131473
1131608
1131753
1131887
1132171
1132202
1132209
1132378
1132457
1132606
1132690
1132803
1133083
1133118
1133536
1133572
1133573
1133574
1133661
1133670
1133672
1134060
1134687
1135875
1135876
1135877
1137218
1137321
1137819
1137966
1138668
1139340
1139520
1139528
1139535
1139541
1140631
1141623
1142918
1143776
1143780
1143783
1145044
1145162
1145293
1145428
1145454
1145563
1145581
1146600
1147060
1147433
1147449
1147611
1147949
1147951
1148548
1148697
1149144
1150573
1150799
1152588
1153138
1153817
1153862
1154003
1154034
1154378
1154542
1157893
1158824
1159255
1159367
1159371
1159398
1160381
1160407
1161141
1161241
1161401
1161691
1161806
1161807
1161808
1161956
1164452
1164853
1164854
1165015
1165198
1165223
1165225
1165285
1165540
1165748
1165919
1166054
1166066
1166069
1166073
1166076
1166500
1166535
1166766
1166770
1166918
1166943
1166977
1166993
1166996
1167029
1167034
1167230
1167272
1167453
1167530
1167608
1167753
1167767
1167773
1167817
1167853
1167916
1167919
1167929
1167958
1168104
1168205
1168475
1168804
1168962
1169033
1169335
1169340
1170024
1170522
1171403
1172205
1172852
1172857
1173040
1173153
1173411
1173436
1173593
1173598
1173670
1173684
1174185
1174387
1174527
1174734
1175081
1175839
1175840
1175841
1175842
1175980
1176090
1176104
1176174
1176461
1176794
1177287
1177356
1177451
1177588
1178239
1178337
1178562
1179193
1179232
1179241
1180252
1180380
1180668
1180697
1181213
1181253
1181762
1181946
1181962
1182016
1182465
1182824
1182864
1183241
1183263
1183269
1183296
1183302
1183335
1183336
1183472
1183502
1183520
1183601
1183809
1184039
1184040
1184041
1184379
1184644
1185028
1185479
1185903
1185949
1186701
1186740
1186897
1186926
1186985
1187001
1187003
1187018
1187156
1187511
1187543
1187816
1187820
1188128
1188188
1188471
1188629
1188633
1188639
1188643
1188652
1188662
1188684
1188725
1188938
1188982
1188998
1189162
1189168
1189174
1189282
1189363
1189367
1189419
1189885
1190705
1191209
1191534
1192144
1192147
1192159
1192460
1192470
1193062
1193321
1193641
1194254
1194280
1194293
1194301
1194598
1194606
1195194
1195209
1195325
1195340
1195423
1195429
1195432
1195512
1195568
1195593
1195618
1196049
1196124
1196125
1196253
1196917
1196945
1196958
1196976
1196989
1197013
1197035
1197078
1197160
1198203
1198434
1198439
1198517
1198877
1198907
1199527
1199803
1199904
1199965
1200583
1200647
1200700
1200770
1200785
1200810
1200815
1200989
1200992
1201134
1201396
1202408
1202590
1203842
1204658
1204659
1204660
1204695
1204977
1205604
1206004
1206020
1206117
1206138
1206777
1206799
1207040
1208453
1209098
1209681
1210043
1210424
1210450
1210458
1210502
1210921
1211061
1211094
1211160
1211724
1212067
1212235
1212272
1212273
1212274
1212337
1212374
1212595
1212746
1212822
1212853
1213175
1213181
1213207
1213237
1213580
1213765
1214158
1214814
1215053
1215179
1215251
1215263
1215867
1215919
1216085
1216203
1216408
1216591
1217114
1217143
1217570
1217702
1218173
1218461
1218523
1218680
1218708
1218754
1218784
1219002
1219011
1219038
1219491
1219492
1219493
1219494
1219681
1220688
1220747
1221942
1222873
1223565
1223575
1223577
1223882
1224008
1224660
1225164
1225299
1226891
1234406
1234531
1234746
1234760
1234925
1235008
1237428
1237700
1238017
1238099
1238470
1238482
1238528
1238684
1238709
1238749
1239334
1239633
1240162
1241107
1241116
1241149
1241460
1241483
1241574
1241575
1241576
1241577
1241578
1241579
1241583
1241637
1241849
1242212
1242680
1243009
1243650
1243724
1243782
1244053
1244145
1244403
1244722
1244731
1244798
1245048
1245051
1245055
1245094
1245165
1245529
1245736
1245741
1245762
1245787
1245972
1246721
1247108
1247910
1248040
1248052
1248852
1249050
1249056
1249456
1249583
1250037
1250199
1250273
1250293
1250305
1250306
1250307
1250320
1250474
1250631
1250730
1250758
1251464
1251868
1252020
1252059
1252155
1252229
1252282
1253124
1253462
1253732
1253926
1255676
1255869
1256371
1256375
1256389
1256496
1256777
1257091
1257100
1257428
1257586
1257753
1257767
1258448
1258871
1260823
1260825
1261148
1261225
1261413
1262408
1262434
1262757
1262907
1264725
1264781
1264805
1264832
1264834
1265225
1265344
1265390
1265709
1266188
1266540
1266659
1266828
1267174
1267176
1267380
1267476
1267677
1268115
1269242
1271276
1271701
1271710
1271742
1271944
1272095
1272305
1272478
1273292
1274695
1276373
1276384
1276733
1276742
1276992
1277383
1277389
1277392
1277753
1278050
1278072
1278254
1278261
1278881
1278891
1278928
1278977
1279322
1280002
1280167
1280188
1282282
1283200
1283484
1283575
1283605
1283871
1283938
1285081
1285115
1285226
1285245
1285441
1285538
1285598
1285694
1286332
1287573
1287574
1287575
1287576
1287577
1287686
1288898
1289029
1290170
1290872
1293377
1294043
1294062
1294231
1294242
1294492
1294767
1295187
1295497
1295844
1296366
1296584
1296597
1297480
1297689
1298809
1298902
1300583
1300585
1300589
1300591
1300802
1301113
1301696
1301752
1301753
1302155
1304490
1305432
1305472
1305477
1305766
1306942
1307943
1309237
1309385
1309386
1309435
1309949
1310230
1312365
1313040
1314162
1314172
1316412
1316650
1317024
1317031
1317236
1317494
1318087
1318395
1319270
1319271
1319892
1320084
1320138
1320242
1320976
1321070
1321358
1321407
1321830
1322104
1322243
1322322
1322334
1322732
1323406
1325649
1326264
1326352
1327196
1327443
1327701
1327742
1327769
1328278
1328546
1329260
1329433
1329434
1329792
1330455
1330529
1331268
1331281
1331361
1331485
1331728
1332433
1334111
1334763
1335070
1336397
1337178
1337351
1337422
1337425
1337624
1338256
1338437
1338457
1338781
1339034
1339356
1339430
1339787
1339898
1340650
1340942
1341133
1341142
1341957
1342009
1342088
1342422
1343086
1343280
1343300
1343492
1343528
1343733
1344951
1344982
1345483
1345484
1346618
1347249
1348154
1348504
1350076
1350095
1350401
1350444
1350653
1350671
1350755
1350887
1351326
1351329
1351338
1351341
1351359
1352429
1352461
1353103
1353200
1353244
1353603
1354066
1354255
1354334
1354335
1354368
1354382
1354437
1354444
1354452
1355537
1355817
1356845
1357013
1357948
1358249
1358977
1360208
1360593
1361804
1362995
1363001
1363185
1363672
1364022
1364797
1364851
1365738
1365761
1365762
1367642
1368690
1368720
1368721
1369191
1369288
1369312
1369674
1369806
1370240
1370731
1370746
1370749
1372216
1372667
1373784
1374017
1374318
1374512
1375393
1376672
1376961
1376990
1377105
1377748
1378175
1378413
1378533
1378706
1378889
1378946
1378947
1379130
1379158
1379297
1379451
1379635
1379656
1379707
1379842
1379910
1379975
1380121
1382448
1382570
1382919
1385844
1385906
1386277
1386438
1386547
1387320
1388788
1389905
1390093
1390131
1390331
1390782
1391549
1391576
1391635
1391724
1391725
1391726
1391727
1391728
1391729
1391771
1391772
1392032
1392211
1392287
1392511
1392630
1392733
1392935
1394399
1394440
1394910
1394916
1394982
1394984
1395068
1397564
1397786
1397788
1397804
1397826
1397940
1397942
1398270
1398285
1398305
1398374
1398572
1398617
1398662
1398706
1398905
1400197
1400238
1400309
1400357
1400405
1401159
1401268
1401444
1401891
1402249
1403176
1403263
1403302
1403614
1404612
1404731
1404770
1404789
1404804
1404986
1405673
1406335
1406471
1406479
1406495
1406598
1406926
1406953
1408589
1408692
1408745
1408782
1409727
1409788
1409913
1410214
1410246
1410357
1410459
1410498
1411363
1411867
1413540
1413541
1413542
1415241
1415436
1415820
1415825
1416612
1416665
1416672
1416701
1417211
1417288
1417635
1418101
1418413
1418419
1418857
1418891
1419205
1419213
1419341
1420070
1420529
1420697
1421345
1421413
1421804
1422227
1422641
1423496
1423704
1424094
1424291
1425474
1425882
1427086
1427589
1428207
1429014
1429148
1429694
1430405
1431042
1431624
1433125
1433581
1434017
1434056
1434179
1434276
1434967
1435392
1436142
1436223
1436460
1436558
1437004
1437294
1437942
1438028
1438052
1438213
1438393
1439025
1439026
1439355
1439552
1439593
1440161
1440290
1441103
1441988
1442017
1442118
1442644
1442783
1442954
1443028
1443211
1443567
1443654
1444031
1444151
1444501
1444539
1444675
1444682
1445810
1446090
1446107
1446236
1446767
1447440
1447751
1448236
1448268
1448550
1448616
1450014
1450117
1450368
1451394
1452149
1452375
1454002
1454359
1454552
1454582
1454965
1455248
1455257
1455266
1455411
1455531
1455987
1456063
1457277
1457413
1457444
1457493
1457546
1457736
1457928
1458020
1458236
1459338
1460373
1461194
1461207
1461340
1462175
1463013
1463028
1463638
1464168
1464396
1465277
1466855
1466889
1466967
1467044
1467046
1468962
1470076
1471622
1472394
1472471
1472721
1473071
1474017
1474536
1474784
1475520
1476709
1477050
1478633
1478930
1479894
1480569
1481207
1481247
1482057
1482830
1482919
1483201
1483327
1483918
1483919
1484086
1484168
1484468
1485379
1485500
1485501
1485788
1486310
1486327
1486341
1486417
1486670
1486820
1487793
1489077
1489141
1489470
1489744
1489892
1490133
1490311
1490372
1490400
1490470
1491127
1492447
1492896
1493007
1493437
1494308
1496268
1496297
1497169
1498353
1499114
1500614
1501611
1501679
1502099
1503601
1504202
1504294
1504410
1505567
1505609
1506129
1507412
1508661
1509057
1509211
1509216
1511619
1511628
1511843
1512199
1512644
1512936
1512937
1513031
1514356
1514359
1514554
1514863
1515139
1516377
1516520
1517377
1518036
1518343
1519099
1519437
1519841
1520685
1520931
1521336
1521610
1523584
1523651
1524555
1524692
1525200
1525309
1525578
1526328
1526609
1527284
1527405
1527555
1527906
1528242
1529790
1530066
1530396
1530581
1530898
1531235
1531958
1532858
1533220
1533976
1534636
1536013
1536046
1536215
1536299
1536461
1536899
1536901
1536936
1537149
1537543
1537694
1538004
1538056
1538144
1538157
1538177
1538669
1539426
1540252
1540906
1540907
1540969
1541273
1541301
1541660
1542450
1542510
1542703
1542734
1542881
1543159
1543234
1543259
1543584
1543718
1543770
1543773
1544133
1546268
1546726
1546935
1547048
1547684
1547877
1548067
1548535
1548870
1549073
1549206
1549217
1549435
1549451
1549461
1549636
1550400
1551176
1551586
1551588
1551591
1552110
1553301
1553598
1553841
1554048
1554888
1555015
1555021
1555025
1555027
1555376
1555440
1555441
1555502
1555582
1555796
1556808
1557449
1558010
1559262
1559739
1560072
1560149
1560324
1560717
1561299
1561377
1561471
1562020
1562515
1563061
1563139
1563142
1563334
1564099
1564100
1564922
1565615
1565619
1565622
1565623
1565624
1566017
1566325
1566462
1566758
1567186
1567257
1567516
1567588
1568175
1569926
1569940
1569946
1570651
1571578
1572120
1572496
1572591
1573634
1574017
1574078
1575014
1575401
1575560
1575912
1577370
1577793
1578121
1578400
1578574
1579235
1579374
1579645
1579820
1580493
1580495
1580567
1581059
1581240
1581258
1581454
1581499
1581528
1582160
1582697
1582778
1583680
1584034
1584409
1584569
1584718
1586524
1586950
1587150
1587246
1587374
1588562
1588732
1589847
1590071
1590102
1590237
1591085
1591403
1591412
1591504
1591770
1592587
1592596
1593404
1593413
1593913
1594627
1595006
1595009
1595281
1595290
1595296
1595299
1595905
1596059
1596148
1596252
1596459
1596663
1596673
1596918
1597437
1598347
1598749
1599063
1599573
1600720
1601140
1602234
1602237
1604606
1604951
1605847
1605962
1606039
1606068
1606957
1606961
1607429
1607601
1607645
1607756
1607940
1608039
1608151
1608735
1609004
1609955
1609965
1610316
1613714
1613943
1614328
1614330
1614331
1614332
1615743
1615790
1618021
1618100
1619445
1619536
1619604
1620170
1620247
1620702
1621540
1622449
1622624
1622867
1623175
1623685
1624137
1624140
1624152
1624157
1624172
1624267
1624374
1624421
1624670
1624911
1625036
1625652
1626198
1626205
1626210
1626226
1626236
1626281
1626356
1626962
1627159
1627616
1627961
1627962
1627970
1627974
1627995
1628012
1628102
1628209
1628408
1629822
1629828
1630073
1630336
1630667
1630668
1630669
1631258
1631350
1631364
1631370
1631447
1631471
1632104
1632119
1632186
1632921
1632973
1633231
1634105
1634165
1635321
1635748
1635854
1636320
1636345
1636382
1636552
1636566
1637571
1637577
1637621
1637761
1638347
1638984
1639423
1639600
1639802
1639919
1641088
1641148
1641475
1641661
1643962
1644062
1644436
1646248
1646554
1647248
1647287
1650035
1650210
1650264
1650270
1650273
1651429
1652042
1652046
1652903
1653676
1654145
1654310
1654657
1656380
1656627
1656650
1657006
1657020
1657030
1657033
1658418
1660500
1660611
1661113
1661310
1661914
1662194
1662474
1663299
1663361
1663363
1663788
1664019
1664244
1664914
1664920
1664974
1665156
1665648
1665658
1665966
1665971
1666002
1667974
1667998
1668028
1668258
1668723
1668815
1669176
1670187
1670304
1670586
1671140
1672388
1672459
1672614
1675014
1675191
1675674
1675730
1677047
1677155
1677541
1678405
1679124
1679267
1679276
1679624
1679969
1680241
1680818
1681178
1681208
1681275
1683129
1684163
1685822
1685970
1685979
1686935
1687005
1687410
1687415
1688199
1688309
1690000
1690044
1690045
1690093
1690377
1690427
1690510
1690548
1690951
1691195
1691501
1691603
1691888
1692603
1692788
1693150
1694037
1694171
1694173
1695454
1695472
1695596
1695989
1696814
1697281
1697402
1697599
1698006
1698316
1698652
1699025
1699740
1699762
1699855
1700276
1700734
1700896
1701642
1702859
1702864
1703733
1704017
1704024
1704035
1705717
1706248
1707616
1707680
1707977
1708824
1708873
1710541
1710564
1710575
1710652
1711318
1711847
1711890
1711938
1712240
1712329
1714563
1714767
1714970
1714979
1715536
1715538
1716016
1716069
1716249
1716286
1716300
1717626
1717650
1718371
1718574
1718757
1719588
1719719
1720043
1720278
1720621
1720822
1721098
1722065
1723445
1723896
1724016
1724021
1724464
1724771
1726445
1727044
1727221
1727424
1728087
1728174
1728292
1730660
1731349
1732595
1733627
1735586
1735622
1736317
1736327
1736378
1736390
1736432
1736433
1736466
1736846
1738939
1738940
1739099
1741430
1741525
1744194
1744212
1744264
1745702
1745755
1745766
1746098
1746582
1747146
1747596
1747642
1747978
1748961
1751258
1751333
1752146
1753224
1753226
1754811
1755083
1755552
1755555
1757663
1757676
1758132
1758174
1760213
1760403
1761505
1762025
1762764
1762927
1763266
1763343
1763404
1763704
1763817
1764858
1765631
1767151
1767439
1767503
1768166
1770797
1771051
1771149
1773895
1775162
1775224
1775225
1776476
1777077
1777095
1781096
1781102
1781131
1781751
1782514
1783001
1783015
1784310
1784449
1784645
1784681
1784999
1785145
1785260
1785378
1787644
1787810
1788006
1788222
1789602
1790444
1791558
1791720
1792544
1793526
1793940
1794462
1794884
1795197
1797661
1799562
1801427
1801527
1803659
1804128
1804174
1804177
1805779
1805873
1805893
1805899
1806223
1806275
1806387
1806939
1807214
1808079
1808149
1808596
1808719
1809633
1810656
1812705
1812732
1812743
1812768
1813450
1813831
1813864
1814333
1814335
1814824
1815355
1815463
1816181
1817214
1818163
1818172
1818628
1818969
1819329
1819652
1819668
1819832
1820492
1820864
1820953
1820955
1822160
1822665
1823216
1824342
1824865
1825227
1825377
1825472
1825679
1825942
1826048
1826141
1826892
1829170
1831528
1832126
1832494
1834042
1835133
1836339
1837309
1838329
1838674
1839012
1841042
1841408
1842114
1842183
1842674
1842822
1842829
1844674
1844777
1844830
1847140
1847368
1848062
1848176
1848551
1848730
1849626
1850065
1850235
1850407
1851969
1853061
1858574
1859592
1860905
1861487
1861569
1861974
1862677
1864188
1864507
1865991
1868473
1869184
1869613
1869714
1872682
1873655
1874155
1874260
1874715
1874716
1875484
1877185
1877919
1877977
1877989
1878381
1878489
1878584
1878756
1879548
1879549
1880607
1880610
1882592
1882751
1882754
1883806
1884042
1884159
1884372
1886139
1886143
1887917
1887996
1888351
1888545
1888723
1888758
1888760
1888803
1888808
1888915
1889161
1889474
1889477
1890284
1890719
1891474
1891795
1892200
1892317
1892351
1892780
1892888
1893186
1893800
1894653
1895135
1895277
1895316
1895783
1895874
1895976
1897203
1897443
1898441
1898475
1901040
1901396
1904097
1906897
1910810
1911568
1912540
1912671
1912770
1912777
1912778
1912782
1912783
1913095
1913110
1913263
1913733
1913951
1914115
1914118
1915808
1916285
1916565
1916583
1918362
1918525
1921606
1922736
1923672
1924212
1924355
1927360
1927480
1927499
1928279
1929567
1929597
1929915
1930763
1933304
1935151
1937235
1938106
1938693
1939272
1940002
1940245
1940443
1940788
1941390
1943013
1943049
1943050
1943117
1943252
1943608
1944515
1945417
1946470
1946534
1947376
1947924
1948506
1948562
1950627
1950659
1952124
1952771
1952978
1954364
1954535
1954658
1954711
1954937
1955370
1957430
1959219
1959540
1960107
1960765
1960870
1961163
1961655
1962645
1962701
1962951
1963213
1964211
1965156
1965640
1966006
1966083
1966262
1966492
1966499
1969141
1969696
1971589
1971610
1971611
1974296
1976449
1977168
1977222
1977252
1977258
1978882
1979372
1982099
1982630
1984060
1987011
1987062
1987172
1988560
1989884
1989901
1990338
1990421
1990443
1991376
1991427
1991428
1992261
1994227
1994324
1994328
1994585
1995595
1997029
1997312
1998179
2000000
2001873
2001913
2002352
2006912
2006913
2007093
2007235
2010530
2011298
2011431
2012121
2012122
2012125
2012131
2012135
2012443
2012519
2012636
2015554
2017323
2017600
2018615
2018679
2018680
2020429
2021684
2023841
2024284
2029217
2029753
2030076
2031855
2032716
2032778
2032842
2035332
2037032
2037234
2037887
2037902
2038134
2038484
2039447
2039464
2039870
2040756
2041007
2043552
2043807
2043885
2045549
2047168
2049021
2050059
2050122
2051085
2051224
2051257
2051931
2052795
2053051
2053396
2054184
2054222
2055081
2055132
2058337
2058556
2061049
2061367
2061826
2063636
2064723
2065288
2065306
2067247
2067572
2068004
2068830
2069593
2070212
2070810
2071554
2071556
2071561
2072306
2072338
2073717
2076019
2076786
2078490
2078527
2078571
2078581
2078707
2079502
2081316
2081332
2081744
2081930
2082528
2082680
2083270
2085185
2085260
2086301
2088808
2089042
2090435
2091137
2092852
2094056
2094235
2094346
2094473
2094785
2096271
2097377
2097517
2101076
2101087
2101165
2104564
2104566
2104567
2106662
2106708
2106886
2107680
2107934
2108342
2109320
2109382
2110945
2111291
2112973
2115212
2120609
2120667
2120719
2121960
2122644
2122671
2122690
2122938
2122964
2123094
2123113
2123680
2123957
2125346
2125679
2126039
2126954
2127469
2127968
2128863
2129769
2129791
2131215
2132183
2133308
2134671
2134874
2135054
2137154
2138080
2139190
2140976
2143408
2143411
2144868
2144870
2146691
2147132
2148242
2160178
2168002
2170559
2171309
2171494
2174818
2178061
2178941
2180018
2180521
2184872
2184950
2187833
2188126
2188569
2189960
2190062
2190117
2190380
2190808
2192984
2193815
2194289
2194928
2197796
2197801
2199174
2199818
2203432
2207248
2208647
2208656
2208860
2209130
2209433
2209571
2209665
2210038
2210179
2211561
2212193
2212555
2212627
2213251
2213337
2213366
2213381
2213900
2214049
2215418
2215434
2215578
2216036
2218334
2225660
2228413
2230842
2230915
2231019
2231261
2233418
2233421
2234420
2236133
2243710
2245437
2247231
2248116
2248328
2248689
2248781
2249299
2250398
2251074
2251191
2252307
2255750
2255968
2256032
2256167
2256548
2258758
2261600
2262365
2262382
2262554
2262939
2263044
2264960
2264982
2265400
2269867
2269989
2270225
2270633
2271054
2271095
2274981
2278865
2279759
2280391
2280863
2281075
2285198
2285286
2286764
2286867
2287098
2294709
2295098
2298307
2298922
2299069
2299692
2300358
2301565
2307933
2308654
2312029
2312217
2312320
2312334
2326194
2327238
2327341
2332728
2334460
2353237
2370002
